0, -3.571496, -3.022716, -0.548779 
1, -2.214100, -1.758914, -0.455186 
2, -1.886988, -3.102562, 1.215574 
3, 1.646236, -2.280536, 3.926772 
4, -1.497589, -0.087810, -1.409779 
5, -5.541852, -4.498788, -1.043064 
6, -0.154635, -2.313294, 2.158658 
7, 7.201810, 2.149451, 5.052359 
8, -0.725048, -2.643422, 1.918374 
9, -2.747754, -4.120630, 1.372876 
10, 2.806445, -1.859941, 4.666386 
11, 2.533148, -2.216123, 4.749270 
12, 5.451348, -2.162853, 7.614201 
13, 2.261233, -1.476242, 3.737475 
14, 7.027705, 0.241025, 6.786679 
15, 4.100637, 0.963333, 3.137304 
16, -1.754154, -6.274869, 4.520715 
17, 1.997708, 2.109504, -0.111796 
18, 4.830211, -0.700335, 5.530546 
19, 3.990105, 1.699599, 2.290507 
20, 0.745231, -1.331178, 2.076409 
21, 6.331083, -3.252767, 9.583850 
22, 10.261902, 1.802390, 8.459512 
23, 5.512615, 1.018591, 4.494024 
24, 0.234348, -5.222407, 5.456755 
25, 9.052296, -0.096361, 9.148656 
26, -18.767285, -13.340029, -5.427255 
27, -20.418648, -36.259981, 15.841333 
28, 19.893342, -8.748927, 28.642269 
29, 0.245925, -6.439495, 6.685420 
30, 8.641246, -7.271320, 15.912566 
31, 14.779644, 4.158654, 10.620990 
32, 9.065058, 2.888121, 6.176936 
33, 17.863863, 7.448739, 10.415123 
34, 32.188300, 11.895562, 20.292738 
35, 25.658615, 4.046942, 21.611673 
36, 22.221205, -8.301120, 30.522325 
37, 28.816163, -7.123095, 35.939258 
38, 19.530315, -22.487807, 42.018121 
39, 5.141078, -18.593187, 23.734264 
40, 2.206932, -32.301960, 34.508892 
41, 10.192738, -8.278323, 18.471061 
42, -20.060173, -38.060810, 18.000638 
43, -1.296845, -13.680168, 12.383323 
44, -30.289461, -27.757680, -2.531780 
45, -24.132310, -16.424113, -7.708197 
46, -54.345515, -41.901802, -12.443713 
47, -30.000278, -29.863914, -0.136364 
48, 10.252598, -12.815498, 23.068096 
49, 57.475927, -2.758863, 60.234790 
50, 109.177094, 11.845447, 97.331647 
51, 205.669850, 33.474296, 172.195554 
52, 341.977097, 72.156980, 269.820117 
53, 550.465331, -32.930662, 583.395994 
54, 3307.646206, 879.680159, 2427.966047 
55, -1508.024640, -21.395595, -1486.629045 
56, -674.643536, 71.547102, -746.190638 
57, -138.190238, 211.809147, -349.999386 
58, -198.695952, 100.149439, -298.845391 
59, -36.721918, 179.588483, -216.310401 
60, -3.845727, 147.042162, -150.887889 
61, -3.160599, 85.975996, -89.136595 
62, -18.682149, 49.111021, -67.793170 
63, 23.092692, 65.275322, -42.182630 
64, 31.085695, 36.695942, -5.610247 
65, -2.624784, 36.910624, -39.535409 
66, 14.090613, 41.462802, -27.372189 
67, -25.661357, 29.896895, -55.558252 
68, -23.889870, 2.656608, -26.546478 
69, -78.056573, 10.910131, -88.966704 
70, -62.238498, -11.610611, -50.627888 
71, -137.357197, -2.691431, -134.665766 
72, -51.838247, -9.440481, -42.397766 
73, -106.456578, -2.398946, -104.057632 
74, -16.542054, 23.694842, -40.236896 
75, -94.362590, 27.098475, -121.461065 
76, -38.659473, 36.433970, -75.093443 
77, -190.289085, -36.279904, -154.009181 
78, 2.104272, 70.089666, -67.985393 
79, -247.772794, -14.499352, -233.273442 
80, -3.258090, 127.478485, -130.736574 
81, -842.039032, -239.548877, -602.490156 
82, -417.013511, -589.712917, 172.699407 
83, 226.114138, 25.403195, 200.710943 
84, -13.186726, -79.738881, 66.552155 
85, 77.302040, 27.164094, 50.137947 
86, -12.502681, -58.507916, 46.005235 
87, 53.472006, 38.473959, 14.998047 
88, -66.274828, -35.259641, -31.015187 
89, 20.520351, 26.028029, -5.507679 
90, -45.384460, -8.321611, -37.062850 
91, -25.217815, 15.147024, -40.364839 
92, -68.580808, -24.623032, -43.957776 
93, -62.825190, -10.436225, -52.388964 
94, -40.130710, -8.459264, -31.671446 
95, -52.910405, -13.361192, -39.549213 
96, -9.339283, 14.371122, -23.710405 
97, -33.630143, 13.760729, -47.390872 
98, 8.736738, 42.140850, -33.404112 
99, -51.281086, 21.418529, -72.699615 
100, -49.908235, 30.764770, -80.673005 
101, -72.893954, 4.038213, -76.932167 
102, -36.596659, 36.853359, -73.450017 
103, -45.866379, 23.249930, -69.116309 
104, -99.825252, 26.412229, -126.237481 
105, -118.583939, 26.592685, -145.176624 
106, -270.748451, -60.833257, -209.915194 
107, -211.118287, -80.564867, -130.553420 
108, -388.639731, -286.888099, -101.751632 
109, -31.532391, -252.431956, 220.899565 
110, 725.231884, 1817.999319, -1092.767435 
111, -357.796729, -228.695482, -129.101247 
112, -260.827612, -234.209147, -26.618464 
113, 91.807988, -75.194064, 167.002052 
114, 109.153889, -43.057009, 152.210899 
115, 165.171991, 1.945008, 163.226983 
116, 172.840531, 37.332911, 135.507621 
117, 132.418773, 12.551577, 119.867196 
118, 71.294700, -16.413322, 87.708021 
119, 119.822590, 36.322146, 83.500444 
120, 114.605654, 20.273215, 94.332440 
121, 119.669414, 36.983221, 82.686193 
122, 69.895696, 21.515624, 48.380071 
123, 52.651211, 26.206326, 26.444885 
124, 16.469878, -11.972724, 28.442602 
125, -22.682992, -69.620105, 46.937113 
126, -13.593048, -79.462050, 65.869002 
127, 28.516256, -78.008288, 106.524544 
128, 45.703918, -62.247166, 107.951084 
129, 63.342341, -12.364402, 75.706743 
130, 60.115171, 7.413205, 52.701965 
131, 31.667191, -2.690870, 34.358061 
132, 25.049874, 12.120286, 12.929587 
133, -27.318632, -19.111613, -8.207019 
134, -7.651862, -7.167720, -0.484141 
135, -3.614144, 7.579045, -11.193189 
136, -19.240712, -5.321064, -13.919649 
137, 4.298887, 13.084649, -8.785762 
138, -47.610842, -6.770208, -40.840634 
139, -42.159237, -28.017325, -14.141912 
140, -31.853622, -8.169135, -23.684488 
141, -3.188889, -17.837964, 14.649075 
142, -9.896304, -7.842986, -2.053318 
143, 56.204824, 18.171159, 38.033665 
144, 16.438886, 21.012064, -4.573178 
145, 38.471440, 17.768728, 20.702712 
146, 9.805841, 18.473089, -8.667248 
147, 4.293328, 3.391759, 0.901569 
148, -6.155795, -8.882933, 2.727138 
149, 18.921997, 9.124702, 9.797295 
150, -1.495116, -5.891922, 4.396805 
151, 21.256192, 16.240188, 5.016005 
152, 0.819713, -4.677652, 5.497365 
153, 14.978090, 10.502765, 4.475325 
154, 10.008001, -18.087554, 28.095555 
155, 29.240324, 10.432853, 18.807470 
156, 19.718862, 2.799730, 16.919131 
157, 10.101158, 24.164792, -14.063634 
158, 17.946469, 10.956391, 6.990078 
159, -38.663510, 14.155662, -52.819172 
160, 22.925344, 8.922925, 14.002419 
161, -121.143469, -22.589340, -98.554130 
162, -3.547081, -42.162022, 38.614941 
163, -317.628354, -129.732496, -187.895858 
164, -59.886904, -413.387894, 353.500990 
165, 596.991225, 197.769811, 399.221414 
166, -367.086968, -139.915950, -227.171017 
167, 20.488357, 16.715140, 3.773218 
168, -19.065264, -14.251837, -4.813427 
169, 48.846359, 32.711478, 16.134880 
170, 19.731292, 9.373049, 10.358243 
171, 41.206755, 35.682004, 5.524750 
172, 5.278769, -1.155762, 6.434531 
173, 64.124402, 37.738727, 26.385675 
174, 10.091962, -0.655392, 10.747354 
175, 25.123226, 10.679692, 14.443534 
176, 37.386794, 14.175049, 23.211745 
177, 31.516378, 13.531850, 17.984529 
178, 12.516091, 9.269795, 3.246296 
179, 9.527333, 10.689764, -1.162431 
180, 30.232660, 28.726738, 1.505921 
181, 8.786560, 6.368419, 2.418141 
182, 42.408543, 27.281577, 15.126965 
183, 25.060649, 17.178107, 7.882542 
184, 58.971281, 41.473464, 17.497817 
185, 28.425288, 17.056937, 11.368351 
186, 25.669492, 6.486956, 19.182535 
187, 18.029948, 4.251311, 13.778637 
188, 21.727472, 2.977217, 18.750255 
189, 1.088449, -11.457778, 12.546228 
190, 25.415516, -6.014176, 31.429693 
191, 25.556539, -4.318101, 29.874640 
192, 87.348214, 48.804049, 38.544164 
193, -5.026654, 23.924642, -28.951296 
194, -31.628145, -27.608026, -4.020119 
195, 19.350095, 3.432356, 15.917740 
196, 3.153759, -8.708175, 11.861934 
197, 23.422734, 1.366267, 22.056467 
198, 17.610901, 1.501974, 16.108928 
199, 34.450695, 13.575929, 20.874767 
200, 17.241912, 4.852247, 12.389665 
201, 35.003417, 16.379399, 18.624018 
202, 14.935365, 8.007337, 6.928029 
203, 41.147853, 24.124691, 17.023161 
204, 23.592864, 13.567901, 10.024963 
205, 29.925913, 21.929511, 7.996403 
206, 5.679624, 14.311416, -8.631792 
207, -23.128016, 2.752874, -25.880890 
208, -6.053202, 1.754732, -7.807934 
209, -30.914188, -21.828741, -9.085446 
210, -1.848731, -22.972741, 21.124010 
211, 34.637157, 3.015888, 31.621268 
212, 80.682864, 50.204413, 30.478451 
213, 105.797808, 56.064500, 49.733308 
214, 130.234358, 81.032096, 49.202263 
215, 105.073308, 71.979745, 33.093562 
216, 76.004784, 57.206404, 18.798380 
217, 70.440151, 54.178057, 16.262094 
218, 126.820560, 63.154939, 63.665621 
219, 134.974372, 121.883203, 13.091168 
220, 244.731837, 264.165702, -19.433865 
221, -1615.065261, -988.793506, -626.271755 
222, -412.507623, 1.403628, -413.911251 
223, 2.879638, 86.796827, -83.917189 
224, -137.794436, 22.404405, -160.198841 
225, -162.369144, -16.944493, -145.424650 
226, -159.265831, -50.462248, -108.803583 
227, -94.140061, -32.802279, -61.337782 
228, -69.296346, -47.319198, -21.977148 
229, -27.025630, -26.542798, -0.482832 
230, 24.372108, 6.890567, 17.481541 
231, 10.525568, 16.999891, -6.474323 
232, -8.227739, 4.365544, -12.593283 
233, -23.560017, -1.217051, -22.342966 
234, -25.943555, 3.024788, -28.968343 
235, -12.293065, 7.843360, -20.136425 
236, -59.077429, -39.142409, -19.935019 
237, -43.220433, -24.382990, -18.837442 
238, -54.042008, -18.423971, -35.618036 
239, -68.713097, -37.462635, -31.250461 
240, -60.655853, -49.555848, -11.100005 
241, -70.011168, -66.289772, -3.721396 
242, -5.138298, -7.193485, 2.055188 
243, -27.142927, -44.677240, 17.534314 
244, 86.781371, 71.122745, 15.658625 
245, -24.159054, -17.071486, -7.087569 
246, 26.847659, 64.631443, -37.783784 
247, -213.394609, -172.377733, -41.016876 
248, 145.681111, -4.868312, 150.549423 
249, 50.923740, 25.033085, 25.890655 
250, 76.484585, 34.751525, 41.733061 
251, 13.200768, 9.155556, 4.045212 
252, 29.272869, 17.830163, 11.442705 
253, 7.943291, -2.714708, 10.657999 
254, 14.423762, 6.747255, 7.676507 
255, 9.792540, -4.956075, 14.748615 
256, 36.736462, 12.384821, 24.351641 
257, 42.274822, 15.484085, 26.790737 
258, 56.467653, 46.545486, 9.922167 
259, 20.435316, 23.342199, -2.906883 
260, 7.463613, 33.120415, -25.656802 
261, -6.674542, 3.461234, -10.135776 
262, -26.380789, -10.172200, -16.208590 
263, -12.982985, -36.965908, 23.982924 
264, -3.377135, -23.568177, 20.191042 
265, 22.876229, -13.552228, 36.428457 
266, 21.457796, 6.081161, 15.376634 
267, 30.852109, 5.969052, 24.883057 
268, -7.337050, -0.626470, -6.710580 
269, 5.838465, 2.274174, 3.564291 
270, -25.877995, -22.569776, -3.308219 
271, -3.809708, -11.464691, 7.654982 
272, -11.614830, -9.120144, -2.494686 
273, 26.251325, 17.415900, 8.835424 
274, 1.106441, 2.848204, -1.741763 
275, 22.261148, 22.150259, 0.110889 
276, 46.783745, 69.184233, -22.400488 
277, -13.465557, -0.475343, -12.990213 
278, -2.847659, -15.329324, 12.481666 
279, -23.341016, -29.655918, 6.314902 
280, 4.055922, -9.366957, 13.422879 
281, -5.536397, -6.798383, 1.261986 
282, 13.494641, 13.105294, 0.389347 
283, -8.148615, -2.376932, -5.771683 
284, -8.962061, -1.654540, -7.307521 
285, -9.860066, -6.286580, -3.573486 
286, -0.224794, -4.426542, 4.201748 
287, -2.317307, -8.700491, 6.383184 
288, -3.246005, -8.894589, 5.648583 
289, 5.285180, -3.822578, 9.107757 
290, 4.935050, -7.013697, 11.948747 
291, 0.924660, -10.258756, 11.183416 
292, -1.230037, -6.470477, 5.240440 
293, 7.040033, -4.145670, 11.185703 
294, -2.531838, -8.951474, 6.419636 
295, -2.576353, -5.762881, 3.186528 
296, -15.215124, -7.255864, -7.959260 
297, -12.957721, -7.682193, -5.275528 
298, -8.885232, -2.476160, -6.409072 
299, -11.110612, -8.315225, -2.795387 
300, -10.827714, -10.038075, -0.789639 
301, -7.641047, -14.814226, 7.173179 
302, 15.608553, 6.529037, 9.079516 
303, -19.932731, -12.772752, -7.159979 
304, 3.998107, -10.320552, 14.318659 
305, -6.987493, -3.314711, -3.672782 
306, 9.544602, -4.179740, 13.724342 
307, 4.955268, 3.726184, 1.229084 
308, 2.957014, 0.868626, 2.088387 
309, -3.105103, -1.363378, -1.741725 
310, -1.421198, -1.703183, 0.281985 
311, -12.869485, -6.398462, -6.471023 
312, -2.565351, -2.712829, 0.147478 
313, -10.785181, -6.352373, -4.432808 
314, -12.145678, -3.081558, -9.064119 
315, -19.496758, -10.503712, -8.993045 
316, -10.432119, -8.517894, -1.914226 
317, -14.705659, -10.708965, -3.996694 
318, -4.205446, -6.217822, 2.012376 
319, -4.598062, -6.986113, 2.388051 
320, -12.785504, -9.862778, -2.922726 
321, -14.696613, -14.463363, -0.233250 
322, -18.940147, -17.143670, -1.796477 
323, 1.889108, -7.862534, 9.751642 
324, 1.780117, -10.308997, 12.089114 
325, 15.456422, 5.277048, 10.179375 
326, 1.184836, 5.035156, -3.850320 
327, -23.278745, 2.939860, -26.218606 
328, -66.807979, -20.150340, -46.657639 
329, -89.211125, -41.824478, -47.386647 
330, -104.930806, -75.006028, -29.924778 
331, -53.470775, -54.604899, 1.134123 
332, -254.176979, -39.953415, -214.223564 
333, -58.726600, -76.149113, 17.422512 
334, -3.500348, -34.797486, 31.297138 
335, 6.466706, -23.276434, 29.743140 
336, -9.872274, 11.548031, -21.420305 
337, -37.793344, -44.172978, 6.379634 
338, -44.304244, -19.733085, -24.571159 
339, 22.187067, 4.931874, 17.255193 
340, 55.759827, 33.736871, 22.022956 
341, 64.455209, 40.283750, 24.171459 
342, 57.710400, 54.454749, 3.255651 
343, 69.113348, 64.146821, 4.966527 
344, 35.020621, 39.011749, -3.991128 
345, 28.688294, 42.306528, -13.618234 
346, 32.486396, 23.706205, 8.780191 
347, 6.179363, 1.948523, 4.230840 
348, 14.557780, 3.024488, 11.533292 
349, 22.465765, 11.399466, 11.066299 
350, 41.136513, 20.214716, 20.921797 
351, 16.770599, -2.457481, 19.228080 
352, 27.525719, 14.822708, 12.703012 
353, 24.583006, 10.604433, 13.978574 
354, 17.911721, 13.734893, 4.176828 
355, 27.577601, 22.619424, 4.958177 
356, 13.538773, 13.016492, 0.522280 
357, 29.103971, 27.505152, 1.598819 
358, -7.921582, 6.240369, -14.161951 
359, -2.509589, 6.853381, -9.362970 
360, -9.398900, -13.622496, 4.223596 
361, 20.447411, 4.366744, 16.080667 
362, 20.265478, 8.077473, 12.188005 
363, 23.098821, 7.028703, 16.070118 
364, 15.827407, 6.301723, 9.525684 
365, 7.745068, 4.822687, 2.922381 
366, 17.105166, 11.383395, 5.721771 
367, 12.385388, 4.529205, 7.856183 
368, -0.033426, 3.691453, -3.724879 
369, -2.942904, -0.293716, -2.649188 
370, -7.057520, 2.332337, -9.389858 
371, -4.236632, 4.268511, -8.505143 
372, 5.050261, 5.854542, -0.804281 
373, 0.372919, -0.287712, 0.660631 
374, 0.513947, -4.595854, 5.109800 
375, 7.420145, 5.310862, 2.109283 
376, 24.841776, 3.683310, 21.158466 
377, 18.442159, 9.220593, 9.221566 
378, 26.943626, 10.674864, 16.268763 
379, 14.324101, 14.094086, 0.230015 
380, 17.035387, 8.961529, 8.073858 
381, 10.993909, 8.549366, 2.444544 
382, 16.940353, 13.200885, 3.739468 
383, 8.983766, 6.653309, 2.330457 
384, 20.037228, 18.111241, 1.925988 
385, 6.192939, 10.577006, -4.384068 
386, 2.268118, -0.567036, 2.835154 
387, 16.612528, 10.094467, 6.518060 
388, -4.010456, 18.307521, -22.317977 
389, 9.703889, 7.457563, 2.246326 
390, 3.743710, 6.944034, -3.200324 
391, 10.597614, 9.811461, 0.786153 
392, 0.536459, 5.974602, -5.438143 
393, 0.156534, 1.413229, -1.256695 
394, -9.319173, -11.841217, 2.522045 
395, -10.774624, -21.961847, 11.187223 
396, -0.783929, -25.438322, 24.654393 
397, -0.060963, -23.669818, 23.608855 
398, 14.916876, -14.118680, 29.035556 
399, 25.889645, 2.481252, 23.408393 
400, 25.384409, 10.389444, 14.994965 
401, 11.641031, 9.282087, 2.358943 
402, 6.610355, 6.562573, 0.047782 
403, 5.232090, 6.790192, -1.558102 
404, 2.593401, 2.785675, -0.192275 
405, 0.484238, 2.045513, -1.561275 
406, 0.856326, 1.933393, -1.077067 
407, -1.512905, 1.560061, -3.072967 
408, 1.677121, 0.404461, 1.272660 
409, -2.391177, -2.881483, 0.490307 
410, 8.739032, 0.283326, 8.455706 
411, 11.654442, 4.655293, 6.999149 
412, 11.612064, 12.376276, -0.764213 
413, -0.149487, -4.061497, 3.912010 
414, 21.188053, 10.307470, 10.880583 
415, -1.151766, 6.735295, -7.887061 
416, 3.099721, 2.469579, 0.630142 
417, 5.691952, 2.888413, 2.803540 
418, 11.889212, 3.840057, 8.049155 
419, 5.047533, 1.156712, 3.890821 
420, 11.760690, 4.297768, 7.462922 
421, 10.377115, 3.534550, 6.842565 
422, 9.586574, 3.720068, 5.866506 
423, 19.638360, 7.004280, 12.634080 
424, 14.685555, 6.211857, 8.473699 
425, 21.657582, 9.996070, 11.661512 
426, 18.041485, 10.448728, 7.592757 
427, 12.239322, 9.842666, 2.396656 
428, 2.571085, 4.595251, -2.024166 
429, -2.712157, 0.594867, -3.307024 
430, 3.140200, 0.401686, 2.738514 
431, 3.492115, -3.018944, 6.511059 
432, 11.752997, 2.177341, 9.575656 
433, 12.991878, 4.294371, 8.697507 
434, 13.272320, 6.947064, 6.325256 
435, 11.574969, 4.877441, 6.697528 
436, 13.742294, 7.233802, 6.508491 
437, 22.673954, 15.473225, 7.200729 
438, 11.448259, 13.186043, -1.737783 
439, 19.895926, 21.899448, -2.003522 
440, -10.559040, 3.792880, -14.351920 
441, 14.105615, 3.455834, 10.649782 
442, 13.622668, -0.672062, 14.294730 
443, 70.682149, 63.479743, 7.202407 
444, -80.740720, -34.481609, -46.259111 
445, -3.740043, -8.864779, 5.124736 
446, 9.110251, 1.169557, 7.940694 
447, 3.447008, 1.231840, 2.215167 
448, 16.877563, 17.222669, -0.345106 
449, 0.947800, 3.725449, -2.777649 
450, 17.378231, 25.752271, -8.374040 
451, 6.446913, 7.725675, -1.278762 
452, 29.733131, 18.388923, 11.344208 
453, 30.843219, 11.190022, 19.653197 
454, 14.736489, -0.744075, 15.480564 
455, 3.488898, -3.266598, 6.755497 
456, -2.711275, -6.874888, 4.163613 
457, 6.549173, -4.930646, 11.479818 
458, 8.035150, -3.957962, 11.993112 
459, 10.648322, -1.644019, 12.292341 
460, 8.962675, 0.073305, 8.889369 
461, 14.479957, 10.307631, 4.172327 
462, 6.894288, 6.332576, 0.561712 
463, -4.608809, 2.660144, -7.268953 
464, -2.365474, -2.419130, 0.053656 
465, -4.952422, -2.157261, -2.795161 
466, 1.341344, -0.648129, 1.989473 
467, -0.567643, -1.336424, 0.768781 
468, 12.620063, 2.172140, 10.447924 
469, 16.954222, 11.565929, 5.388293 
470, 0.630596, 4.332807, -3.702211 
471, 19.134844, 3.606224, 15.528621 
472, 27.053794, 22.223922, 4.829872 
473, 6.032537, 8.145244, -2.112707 
474, 13.845428, 11.860250, 1.985179 
475, -0.345931, 2.726670, -3.072600 
476, -1.943655, 3.352360, -5.296015 
477, -17.415414, -10.174078, -7.241336 
478, -15.019656, -10.928817, -4.090838 
479, -22.086887, -19.272551, -2.814336 
480, -9.373484, -9.710030, 0.336546 
481, -6.276683, -10.501621, 4.224937 
482, 1.723405, -0.045064, 1.768469 
483, 3.816303, 1.941713, 1.874590 
484, 4.944243, 3.411121, 1.533121 
485, 7.294925, 5.102364, 2.192562 
486, 8.475696, 6.078503, 2.397193 
487, 5.441500, 1.998135, 3.443365 
488, 4.389699, 2.742371, 1.647328 
489, -5.219617, -0.961386, -4.258230 
490, -1.011587, 2.223422, -3.235010 
491, -15.354436, -5.880919, -9.473516 
492, 1.679591, 5.095417, -3.415827 
493, -4.678619, 0.709549, -5.388168 
494, 5.286945, 2.790979, 2.495965 
495, 16.302995, 1.937675, 14.365320 
496, 9.576328, 15.403538, -5.827210 
497, -39.906465, -50.920405, 11.013940 
498, 213.524331, 78.043040, 135.481291 
499, -17.266943, -16.464046, -0.802897 
500, 33.486073, -46.946171, 80.432244 
501, -48.522750, -8.468667, -40.054083 
502, 14.284229, 29.625660, -15.341430 
503, 24.271273, 18.660654, 5.610620 
504, 20.179825, 17.916349, 2.263476 
505, 24.059070, 15.841139, 8.217931 
506, 32.475236, 23.881343, 8.593893 
507, 20.376076, 14.239237, 6.136839 
508, 33.740251, 24.156568, 9.583682 
509, 26.157101, 12.456404, 13.700698 
510, 22.612685, 15.781394, 6.831291 
511, 7.146835, 6.996433, 0.150402 
512, 2.486418, 2.583157, -0.096739 
513, 3.822823, 3.323600, 0.499223 
514, -6.182466, -0.946435, -5.236030 
515, 12.820200, 3.180626, 9.639575 
516, 7.137683, -0.294970, 7.432652 
517, 19.568827, 8.052430, 11.516397 
518, 19.821752, 8.934017, 10.887735 
519, 24.041365, 14.187177, 9.854188 
520, 23.055521, 15.197423, 7.858097 
521, 13.272690, 7.802318, 5.470373 
522, 22.230118, 14.739317, 7.490800 
523, 17.886035, 10.243870, 7.642165 
524, 38.270646, 28.408188, 9.862459 
525, -5.161618, 23.923049, -29.084667 
526, -38.181354, -23.014257, -15.167097 
527, 31.644206, 4.543522, 27.100683 
528, 15.675266, 16.386117, -0.710851 
529, 15.112642, 6.888753, 8.223889 
530, 26.436053, 17.380088, 9.055965 
531, 28.716861, 19.652242, 9.064619 
532, 31.396367, 26.699524, 4.696842 
533, 22.452293, 24.404816, -1.952524 
534, 21.539627, 26.101008, -4.561381 
535, 6.392999, 17.088376, -10.695377 
536, 17.813325, 18.987006, -1.173681 
537, 0.322573, 3.726286, -3.403713 
538, 9.045134, 1.345831, 7.699304 
539, 12.107454, 0.043491, 12.063963 
540, 31.296931, 7.267496, 24.029435 
541, 41.388997, 16.464726, 24.924272 
542, 38.959569, 20.752442, 18.207127 
543, 44.282289, 27.489484, 16.792805 
544, 22.963768, 14.388637, 8.575131 
545, 26.276453, 13.165998, 13.110455 
546, 25.279342, 2.436615, 22.842727 
547, 38.928007, 7.104171, 31.823835 
548, 64.385483, 31.173848, 33.211636 
549, 67.255759, 34.421496, 32.834263 
550, 86.907677, 64.847649, 22.060028 
551, 58.772878, 28.560328, 30.212550 
552, 104.051545, 68.938293, 35.113252 
553, 54.787486, -94.798623, 149.586110 
554, 910.844921, 126.505274, 784.339648 
555, -387.188588, -39.757710, -347.430878 
556, -207.217382, -135.047870, -72.169511 
557, -179.802463, -126.567002, -53.235461 
558, -48.380679, -35.757163, -12.623516 
559, -97.665941, -56.710809, -40.955132 
560, -34.269901, -7.736853, -26.533048 
561, -5.207069, -9.109618, 3.902549 
562, -24.274632, -11.122135, -13.152498 
563, 11.476216, -16.617520, 28.093736 
564, -42.307800, -22.109213, -20.198587 
565, -15.583520, -16.897198, 1.313678 
566, -28.236386, -13.947653, -14.288733 
567, 8.202302, 4.590245, 3.612057 
568, -31.338533, -19.829113, -11.509420 
569, -35.159656, -13.112113, -22.047543 
570, -15.382702, -5.262608, -10.120094 
571, -28.552373, -10.881406, -17.670968 
572, -14.971998, -10.350083, -4.621915 
573, -28.363835, -12.058993, -16.304842 
574, 6.631740, 1.247786, 5.383953 
575, -14.423844, -6.807686, -7.616158 
576, 14.423265, 5.074736, 9.348529 
577, -6.648930, -8.153332, 1.504402 
578, -5.828331, -3.832886, -1.995445 
579, -12.500808, -31.766135, 19.265328 
580, 70.249340, 34.386191, 35.863149 
581, -23.331929, 17.506914, -40.838843 
582, -64.353359, -34.300670, -30.052689 
583, -42.822623, -17.104312, -25.718311 
584, -18.384014, -22.741718, 4.357704 
585, -20.595975, -10.176864, -10.419111 
586, -21.671817, -19.409408, -2.262409 
587, -4.990261, 0.461371, -5.451632 
588, 1.883066, -2.221856, 4.104922 
589, -0.741255, 4.166294, -4.907550 
590, 11.684318, 13.270980, -1.586662 
591, -2.263106, 2.039737, -4.302843 
592, 5.052682, 13.690224, -8.637543 
593, 1.737894, -2.580958, 4.318852 
594, -1.368888, 9.473074, -10.841962 
595, -12.210774, -6.486828, -5.723946 
596, -6.902002, 0.506185, -7.408187 
597, 5.157088, 0.813944, 4.343144 
598, 6.516104, -2.052112, 8.568217 
599, 5.204293, -4.058327, 9.262620 
600, 6.092823, 0.354800, 5.738023 
601, 6.207222, 3.935148, 2.272074 
602, 7.157699, 2.269273, 4.888425 
603, -2.141870, 0.686435, -2.828305 
604, 5.562340, -1.899461, 7.461801 
605, 1.201624, 4.430791, -3.229167 
606, 2.731149, 8.285723, -5.554575 
607, 27.490077, 29.238991, -1.748915 
608, -15.508839, 14.970994, -30.479833 
609, 174.905839, 120.203335, 54.702504 
610, -209.255128, -141.013924, -68.241204 
611, -65.010039, -36.518879, -28.491160 
612, 5.970945, 2.657531, 3.313414 
613, -5.412846, -6.513703, 1.100857 
614, -17.832514, -0.218391, -17.614122 
615, -14.290762, -7.166114, -7.124648 
616, -11.815350, -1.852361, -9.962989 
617, -0.228547, 5.145053, -5.373600 
618, -12.803993, -13.051109, 0.247117 
619, -12.802996, -6.126184, -6.676812 
620, -9.856781, -6.750880, -3.105901 
621, -8.873578, -4.173047, -4.700531 
622, -7.471281, -6.579439, -0.891842 
623, -15.014712, -8.452598, -6.562115 
624, -3.613605, -0.188170, -3.425435 
625, 1.658487, 0.513230, 1.145257 
626, -1.271338, 7.024683, -8.296021 
627, 6.131515, 7.225611, -1.094096 
628, -18.214821, 5.029005, -23.243826 
629, -6.709675, 3.389779, -10.099454 
630, -6.604027, 7.980389, -14.584415 
631, -2.015331, -1.521113, -0.494218 
632, -0.425993, 0.420665, -0.846658 
633, 3.620577, 1.096285, 2.524293 
634, 5.747998, 4.524729, 1.223269 
635, 15.852709, 2.128014, 13.724696 
636, 17.018229, 16.348869, 0.669359 
637, -12.451876, -15.562477, 3.110601 
638, 29.749595, 16.742812, 13.006783 
639, -11.346212, 3.039832, -14.386044 
640, -1.729522, -4.161568, 2.432046 
641, -15.938441, -8.867176, -7.071265 
642, -0.481802, -1.515436, 1.033634 
643, -4.995284, -0.999261, -3.996023 
644, -1.301300, -2.416539, 1.115238 
645, 1.578081, -0.114275, 1.692356 
646, -2.217696, -3.391385, 1.173688 
647, 6.255612, 3.633016, 2.622595 
648, 12.621118, 3.644202, 8.976916 
649, 10.780795, 2.469496, 8.311299 
650, 13.547431, 9.072745, 4.474686 
651, 10.718692, 4.996598, 5.722093 
652, 19.595659, 14.814323, 4.781336 
653, 8.322733, 6.288295, 2.034438 
654, 5.588214, 3.060335, 2.527879 
655, 3.753652, -3.624163, 7.377815 
656, -4.136738, -0.923368, -3.213370 
657, 10.429239, -10.481446, 20.910685 
658, 10.730998, -2.352131, 13.083128 
659, 40.690025, 9.433884, 31.256141 
660, 32.414963, 11.859738, 20.555225 
661, 67.754555, 40.800556, 26.954000 
662, 92.907206, 39.798855, 53.108350 
663, 123.862051, 64.728637, 59.133413 
664, 216.277557, 54.565995, 161.711562 
665, 568.243224, 294.710035, 273.533189 
666, -1052.827970, -822.163338, -230.664632 
667, 135.976741, -23.621993, 159.598734 
668, 43.641556, -82.877798, 126.519353 
669, 93.625750, -14.398849, 108.024599 
670, -40.578485, -39.915136, -0.663349 
671, -136.476022, -52.306577, -84.169445 
672, -32.992829, 29.616660, -62.609488 
673, -28.582141, 23.352172, -51.934314 
674, -31.659013, -8.355925, -23.303088 
675, -41.376452, -15.072962, -26.303489 
676, -41.381788, -15.181198, -26.200590 
677, -39.885232, -15.331074, -24.554158 
678, -6.317203, 3.662902, -9.980105 
679, -13.958086, -9.274947, -4.683140 
680, -8.644161, -12.535719, 3.891558 
681, -18.030778, -15.230516, -2.800262 
682, -1.973542, 4.443313, -6.416855 
683, 1.056772, 0.127440, 0.929332 
684, -13.043278, 6.080893, -19.124171 
685, -17.732859, 3.916296, -21.649155 
686, -27.022454, 4.673252, -31.695706 
687, -41.587421, 0.204050, -41.791471 
688, -65.359567, -10.001268, -55.358300 
689, -59.559955, -27.869613, -31.690342 
690, -41.208784, -6.647085, -34.561699 
691, -42.028068, -44.208435, 2.180367 
692, 38.160676, 2.174760, 35.985916 
693, -0.277273, -4.831671, 4.554398 
694, 15.170129, -1.448299, 16.618428 
695, 37.694261, 29.606927, 8.087334 
696, 22.281011, 18.941517, 3.339494 
697, 8.476971, 12.548608, -4.071637 
698, -10.154210, -1.033951, -9.120259 
699, -11.744063, -2.986262, -8.757801 
700, -15.931731, -10.347257, -5.584473 
701, 0.015810, 1.170876, -1.155066 
702, -5.164600, -7.870445, 2.705845 
703, -6.683412, -5.247390, -1.436022 
704, -1.185309, 0.444753, -1.630061 
705, 4.714984, 2.645371, 2.069613 
706, 16.147608, 11.224874, 4.922734 
707, 8.613986, 7.034376, 1.579610 
708, 15.400123, 18.054320, -2.654197 
709, 3.117321, 10.441047, -7.323726 
710, -1.107346, 11.377042, -12.484387 
711, -15.377185, -2.212223, -13.164962 
712, -11.220721, -5.560223, -5.660497 
713, -29.834185, -21.605817, -8.228369 
714, -2.578476, -4.565920, 1.987444 
715, 1.725757, -7.006340, 8.732097 
716, 7.750908, 1.990277, 5.760631 
717, -2.797945, -5.967334, 3.169389 
718, 36.805889, 31.166653, 5.639235 
719, 0.650061, 13.488464, -12.838402 
720, 44.709336, 24.365349, 20.343987 
721, 56.490988, -35.428028, 91.919016 
722, -27.316148, 14.924532, -42.240680 
723, 1.929354, 24.453448, -22.524095 
724, -1.391341, 5.464379, -6.855720 
725, 4.384935, 3.384456, 1.000479 
726, -7.143192, -8.603136, 1.459945 
727, 7.883348, 1.199872, 6.683476 
728, 31.996143, -9.544117, 41.540260 
729, -55.376534, 4.033642, -59.410176 
730, 0.492745, 23.532567, -23.039822 
731, -4.184442, 13.740297, -17.924738 
732, 9.881895, 9.123554, 0.758340 
733, -11.904635, -3.203915, -8.700720 
734, 1.395412, 2.022065, -0.626653 
735, -6.115153, -2.551476, -3.563677 
736, 19.318683, 12.092793, 7.225890 
737, -6.609709, -6.616070, 0.006361 
738, 2.438682, 6.727270, -4.288588 
739, -11.547762, -10.617421, -0.930341 
740, -0.724410, 5.442444, -6.166854 
741, -4.784497, -6.260552, 1.476056 
742, 6.282323, 12.130629, -5.848306 
743, 15.569898, 6.170896, 9.399002 
744, 3.150645, 30.809936, -27.659291 
745, -5.636327, 0.131523, -5.767850 
746, -33.444226, 22.980728, -56.424955 
747, -53.088691, -69.207082, 16.118391 
748, 105.098246, 66.306920, 38.791326 
749, -30.753808, 7.966284, -38.720091 
750, 5.497711, 6.764716, -1.267005 
751, -22.013861, -11.516885, -10.496975 
752, 22.621153, 11.973384, 10.647768 
753, 1.358529, 8.392402, -7.033873 
754, 2.176271, 8.311931, -6.135660 
755, -0.318823, 6.628913, -6.947737 
756, 3.427053, 9.570534, -6.143482 
757, 4.609465, 6.920023, -2.310558 
758, 5.983473, 10.458292, -4.474819 
759, 1.000245, 5.834989, -4.834744 
760, 5.362927, 8.222256, -2.859328 
761, 9.693626, 7.265046, 2.428580 
762, 15.969304, 10.821245, 5.148060 
763, 19.355630, 10.384425, 8.971205 
764, 8.684748, 11.502358, -2.817610 
765, 18.383600, 13.234913, 5.148687 
766, 14.287461, 14.331433, -0.043972 
767, 18.166144, 15.716908, 2.449236 
768, 4.979488, 7.590864, -2.611376 
769, 10.395378, 11.484847, -1.089469 
770, 16.427437, 22.380225, -5.952788 
771, 24.378546, 31.040416, -6.661870 
772, -8.885699, 6.377812, -15.263511 
773, 2.156433, 19.057226, -16.900793 
774, -5.063765, 7.638537, -12.702302 
775, 102.554196, 75.305613, 27.248583 
776, 180.190780, 79.347459, 100.843321 
777, -256.239876, -257.324033, 1.084156 
778, -79.854605, -39.653512, -40.201092 
779, -42.709025, -11.596749, -31.112276 
780, -40.140663, -41.528459, 1.387796 
781, -64.810739, -53.611237, -11.199502 
782, -80.062770, -67.676618, -12.386152 
783, -41.326584, -41.234108, -0.092476 
784, -12.924771, -22.826248, 9.901477 
785, 2.615134, -0.003590, 2.618724 
786, 13.414850, 28.900987, -15.486137 
787, -3.376910, -27.215477, 23.838567 
788, -30.851794, -31.391506, 0.539712 
789, -26.859445, -17.158886, -9.700559 
790, -35.309606, -13.655854, -21.653752 
791, -24.193733, 5.572486, -29.766219 
792, -37.552953, -4.877431, -32.675523 
793, -25.700013, -0.869343, -24.830671 
794, -15.578384, -6.719652, -8.858732 
795, -11.019155, -14.837744, 3.818589 
796, -12.024092, -18.005884, 5.981792 
797, 3.139714, -7.664453, 10.804166 
798, 6.352865, -3.566340, 9.919205 
799, -0.798354, -8.772721, 7.974367 
800, 7.619166, -5.524844, 13.144010 
801, -3.479314, -5.720844, 2.241531 
802, 2.370716, -7.295105, 9.665821 
803, 15.268371, 20.564287, -5.295915 
804, -33.520877, -13.013234, -20.507642 
805, -9.456303, -10.093544, 0.637241 
806, -20.524220, -5.612462, -14.911758 
807, -24.541802, -12.139205, -12.402597 
808, -29.136150, -19.918327, -9.217823 
809, -6.421651, -19.141267, 12.719616 
810, 7.238113, -3.651434, 10.889547 
811, 22.362913, 11.884827, 10.478086 
812, -0.258997, 9.798065, -10.057063 
813, -4.614766, 12.106567, -16.721333 
814, -33.696096, -8.054434, -25.641662 
815, -34.508506, -8.678788, -25.829718 
816, -40.464975, -21.009028, -19.455947 
817, -30.039530, -19.401751, -10.637779 
818, -5.882488, -12.246889, 6.364401 
819, 0.780312, -1.786954, 2.567266 
820, 18.890831, 15.593618, 3.297213 
821, -0.064532, 19.252407, -19.316940 
822, -0.777046, 19.146774, -19.923820 
823, -22.020788, 7.096517, -29.117305 
824, -11.232316, -0.241853, -10.990463 
825, -18.393369, -1.753504, -16.639865 
826, -2.404126, -9.381857, 6.977731 
827, -14.778579, -4.785154, -9.993425 
828, 25.503345, 19.244635, 6.258709 
829, -30.873367, 2.989731, -33.863098 
830, -13.505998, 17.061327, -30.567325 
831, -142.677955, -79.378742, -63.299214 
832, 77.929970, -24.758926, 102.688896 
833, -31.121136, 8.339253, -39.460389 
834, 1.557644, -12.692195, 14.249839 
835, -23.601855, 3.370011, -26.971866 
836, -7.641013, -10.892098, 3.251085 
837, -40.076199, -22.292357, -17.783841 
838, -42.389736, -32.920982, -9.468754 
839, -28.411346, -26.474660, -1.936685 
840, -9.935446, -18.007178, 8.071733 
841, -0.785275, -11.159977, 10.374702 
842, -6.057659, -6.253221, 0.195562 
843, -23.224535, 3.071062, -26.295596 
844, -58.885222, -28.962168, -29.923054 
845, 311.463277, 92.052333, 219.410944 
846, -80.734446, -74.940229, -5.794217 
847, -92.799294, -36.256051, -56.543243 
848, -2.281788, 36.233442, -38.515230 
849, -39.063830, 12.860639, -51.924470 
850, -6.788829, 36.544386, -43.333215 
851, -35.376284, 4.700796, -40.077081 
852, -4.204416, 12.315632, -16.520048 
853, 0.855236, -6.149699, 7.004935 
854, 19.679830, 7.764727, 11.915104 
855, 42.238510, 16.082411, 26.156099 
856, 22.452012, 14.068847, 8.383166 
857, 15.287524, 10.381137, 4.906387 
858, 15.544187, 15.372206, 0.171981 
859, -12.968851, -2.208665, -10.760186 
860, -33.558071, -19.780705, -13.777366 
861, -14.408472, -9.331873, -5.076598 
862, 12.191082, 17.256690, -5.065608 
863, -47.360860, -15.878208, -31.482652 
864, -29.915061, -26.851233, -3.063828 
865, -26.627958, -28.980943, 2.352986 
866, -9.439604, -19.262169, 9.822565 
867, 9.355523, -11.745270, 21.100792 
868, 19.208802, 8.296201, 10.912600 
869, 23.814302, 29.249787, -5.435485 
870, -17.033702, 7.149242, -24.182945 
871, -13.335799, 11.801487, -25.137286 
872, -28.640494, -9.134164, -19.506330 
873, -30.091387, -8.062964, -22.028423 
874, -27.766855, -18.348092, -9.418763 
875, -26.498046, -5.720744, -20.777302 
876, -17.422742, -7.121665, -10.301077 
877, -29.159414, -24.895497, -4.263917 
878, 2.573577, -14.340480, 16.914057 
879, -2.324329, -19.599450, 17.275121 
880, 40.285959, 21.305950, 18.980009 
881, 61.115491, 37.470076, 23.645415 
882, 29.679815, 40.307787, -10.627972 
883, -13.797297, 24.181714, -37.979011 
884, -57.016271, 10.367928, -67.384199 
885, -32.793162, 7.718784, -40.511946 
886, -9.578530, -24.529252, 14.950723 
887, 166.954266, 96.161464, 70.792802 
888, -224.893704, -101.205405, -123.688299 
889, 77.308398, 66.007768, 11.300630 
890, 65.579343, 1.609553, 63.969790 
891, 49.587320, -7.091950, 56.679269 
892, -15.178437, -45.024576, 29.846139 
893, -54.372863, -58.586021, 4.213159 
894, 22.734742, 10.773222, 11.961519 
895, -15.609245, -16.413958, 0.804713 
896, 50.737865, 26.321945, 24.415921 
897, 6.658353, -16.580712, 23.239065 
898, -48.218048, -24.045121, -24.172927 
899, -30.471466, -19.860234, -10.611232 
900, -125.316166, -39.893690, -85.422477 
901, -1.305347, -14.652930, 13.347584 
902, -24.711072, -31.684331, 6.973259 
903, 79.377282, -16.868715, 96.245997 
904, -82.241695, -78.271204, -3.970491 
905, 32.056571, 18.437495, 13.619076 
906, -0.290399, 26.172377, -26.462776 
907, 59.745066, 61.701576, -1.956509 
908, 32.945187, 38.785822, -5.840635 
909, 21.518101, 34.032352, -12.514251 
910, -2.536603, 10.935225, -13.471828 
911, -22.024719, -2.115485, -19.909233 
912, -2.435041, -13.569583, 11.134542 
913, 6.883019, 11.885075, -5.002056 
914, -5.216236, -9.976360, 4.760124 
915, 19.196986, -0.674059, 19.871045 
916, 46.697432, 19.466065, 27.231366 
917, 28.982584, 31.587430, -2.604846 
918, -7.338691, -6.549690, -0.789000 
919, 16.551511, 15.078493, 1.473018 
920, -0.519670, 12.542396, -13.062065 
921, -18.562733, 7.246275, -25.809008 
922, -31.168775, -2.260013, -28.908762 
923, -43.992500, -20.701341, -23.291158 
924, -43.614007, -30.192847, -13.421160 
925, -26.766677, -34.154031, 7.387354 
926, -13.049435, -17.924025, 4.874591 
927, -21.810156, -27.284217, 5.474060 
928, -17.016028, -15.146652, -1.869376 
929, -6.807832, -10.289818, 3.481986 
930, -5.597511, -2.329392, -3.268119 
931, -6.683687, -2.960420, -3.723267 
932, -11.696114, 2.009040, -13.705154 
933, -16.472899, 4.973073, -21.445972 
934, -13.674199, 7.086636, -20.760835 
935, -28.316279, -3.280910, -25.035370 
936, -41.431104, -17.453919, -23.977185 
937, -40.108007, -22.472770, -17.635236 
938, -37.100101, -26.926410, -10.173692 
939, -34.295381, -29.773105, -4.522276 
940, -13.434296, -30.852864, 17.418568 
941, 17.472351, 10.298962, 7.173390 
942, -7.886957, -19.176214, 11.289258 
943, 10.887988, 18.400072, -7.512084 
944, 4.116204, 58.861071, -54.744867 
945, 31.034018, 6.194870, 24.839148 
946, 31.154561, -7.937304, 39.091865 
947, 21.691123, 7.285562, 14.405561 
948, 29.133081, -0.578473, 29.711554 
949, 11.933796, 3.970972, 7.962824 
950, 21.995947, 18.039993, 3.955955 
951, 29.191991, 30.572290, -1.380299 
952, 15.129896, 30.691229, -15.561332 
953, -15.637557, 4.691997, -20.329554 
954, -35.639157, -5.762025, -29.877133 
955, -37.579142, -19.968989, -17.610153 
956, -49.740293, -24.786091, -24.954202 
957, -5.819957, -0.163649, -5.656308 
958, -10.745491, -6.072327, -4.673164 
959, -12.866244, -0.430040, -12.436203 
960, -40.047755, -16.909278, -23.138476 
961, -52.028808, -22.802794, -29.226013 
962, -20.292501, -16.437346, -3.855155 
963, -31.849994, -23.250457, -8.599536 
964, 4.137671, -5.628922, 9.766593 
965, 12.928297, 15.992777, -3.064480 
966, 16.716990, 26.233910, -9.516920 
967, -18.231257, 12.872923, -31.104180 
968, -27.133077, 3.536932, -30.670009 
969, -40.405464, -5.201233, -35.204231 
970, -33.565775, -17.054197, -16.511578 
971, -31.323034, -11.079709, -20.243325 
972, -24.076579, -23.319565, -0.757015 
973, -0.532556, 11.202174, -11.734730 
974, -10.764524, 1.264571, -12.029096 
975, -19.332901, 8.091118, -27.424019 
976, -10.174639, 20.906890, -31.081529 
977, -52.069471, -9.121711, -42.947761 
978, -9.609561, 18.436301, -28.045861 
979, -54.252252, -14.913899, -39.338353 
980, -31.091938, 13.646241, -44.738178 
981, -35.458581, -6.595575, -28.863006 
982, -36.670830, -18.954677, -17.716153 
983, -47.418304, -36.077221, -11.341082 
984, -42.328431, -28.050982, -14.277449 
985, -18.176558, -21.768674, 3.592115 
986, -26.071414, -19.556961, -6.514453 
987, 17.550297, 15.784188, 1.766109 
988, -2.820129, 4.736305, -7.556435 
989, -23.668257, 20.154417, -43.822674 
990, -65.584586, -1.133942, -64.450644 
991, -112.887354, -36.462030, -76.425325 
992, -120.654201, -60.546224, -60.107977 
993, -127.634000, -88.081496, -39.552504 
994, -138.467090, -97.547087, -40.920003 
995, -107.510191, -70.220577, -37.289614 
996, -151.978920, -68.367577, -83.611343 
997, -24.281218, 28.797438, -53.078656 
998, -205.766562, -2.738267, -203.028296 
999, -230.598093, -150.152367, -80.445726 
